-5.257909904426139036e-01
-1.087557381433174264e+00
-2.362992367157501494e-01
5.531054727993018894e-01
4.876307460055842036e-01
1.534678335891430656e+00
1.628489807208254980e+00
2.026180386468221961e+00
2.065938813258940243e+00
2.286284472919208000e+00
3.377136896832840129e+00
3.900994659247667862e+00
3.656223697806436412e+00
4.152156564419285267e+00
5.155696814123619021e+00
5.124676957798194543e+00
5.414534243325951124e+00
5.979644829744696466e+00
6.700138240411601664e+00
7.235530492597106900e+00
7.577148446379307956e+00
7.111663220021783083e+00
7.846700535020776357e+00
8.804512549336347860e+00
9.250206291390792757e+00
9.690202943235005861e+00
9.985269073676896312e+00
1.009356969406359816e+01
1.021192628602126007e+01
1.070878526068214853e+01
1.160142058923810104e+01
1.166274181863364312e+01
1.215434334893476809e+01
1.289454729733208893e+01
1.301916159432918896e+01
1.279616126051376490e+01
1.393478834789280185e+01
1.399646722189688930e+01
1.433122438340125626e+01
1.470583917462335677e+01
1.549231493839699958e+01
1.578860872951128869e+01
1.577591826764155769e+01
1.686634850617907944e+01
1.680754412946965459e+01
1.688380796379048121e+01
1.795069457670650692e+01
1.789968548109933977e+01
1.852032567113237604e+01
1.937295973839054852e+01
